Iteration number 	 Newton Method 		 Secant Method 		 Bisection Method
1			0.050833		-3.099754		0.000000		
2			0.025632		-0.565287					
3			0.012871		-0.397085					
4			0.006449		-0.215138					
5			0.003228		-0.133030					
6			0.001615		-0.079946					
7			0.000808		-0.049104					
8			0.000404		-0.030111					
9			0.000202		-0.018549					
10			0.000101		-0.011434					
11			0.000050		-0.007057					
12			0.000025		-0.004358					
13			0.000013		-0.002692					
14			0.000006		-0.001663					
15			0.000003		-0.001028					
16			0.000002		-0.000635					
17			0.000001		-0.000392					
18						-0.000243					
19						-0.000150					
20						-0.000093					
21						-0.000057					
22						-0.000035					
23						-0.000022					
24						-0.000014					
25						-0.000008					
26						-0.000005					
27						-0.000003					
28						-0.000002					
29						-0.000001					
