Fixed point Method starts
0.0531378
0.0355771
0.0240524
0.016159
0.0109034
0.00733595
0.00494543
0.00332953
0.00224361
0.00151096
0.00101796
0.000685637
0.000461887
0.000311117
0.000209579
0.000141172
9.50966e-05
6.40576e-05
4.31502e-05
2.90664e-05
1.95795e-05
1.3189e-05
8.88427e-06
5.98454e-06
4.03126e-06
2.71551e-06
1.8292e-06
1.23217e-06
8.30004e-07
Alpha Values
0.975775
1.01606
0.989071
1.00731
0.995053
1.00332
0.997758
1.00151
0.998983
1.00068
0.999539
1.00031
0.999791
1.00014
0.999905
1.00006
0.999957
1.00003
0.99998
1.00001
0.999991
1.00001
0.999996
1
0.999998
1
0.999999
